positive/1667855443.610704.jpg 4 1613 613 139 133 1397 484 207 251 1139 444 144 127 1459 947 173 171
positive/1667855457.9278984.jpg 4 1304 412 169 160 1460 631 184 247 1570 892 203 109 1179 1031 152 124
positive/1667855460.950047.jpg 3 1414 498 154 124 1425 751 204 193 973 978 170 161
positive/1667855464.5875607.jpg 3 897 661 163 152 1505 504 132 146 1127 422 131 174
positive/1667855477.8667383.jpg 5 1304 980 222 170 567 129 174 139 2234 765 260 214 2326 991 149 172 2130 1117 283 250
positive/1667855483.5785315.jpg 4 1836 765 142 151 1589 851 251 244 1766 564 202 168 578 132 159 128
positive/1667855486.3215575.jpg 6 180 145 181 111 384 167 220 211 608 276 129 121 1748 530 166 168 1668 873 190 201 1834 740 154 121
positive/1667855498.9330795.jpg 7 73 425 294 216 379 503 155 129 1610 417 159 155 1762 563 109 112 1685 662 206 204 815 890 239 191 1139 934 154 145
positive/1667855504.2224572.jpg 6 94 884 243 132 1445 291 107 151 1600 393 79 80 1620 493 170 163 1305 912 169 166 999 997 252 160
positive/1667855509.1205003.jpg 5 972 269 118 132 1125 253 101 88 1265 273 169 145 1529 713 123 108 1481 906 208 177
positive/1667855512.7982054.jpg 3 593 640 193 142 697 529 114 76 898 388 134 140
positive/1667855516.301629.jpg 7 1201 356 176 135 1017 423 128 92 516 739 174 141 429 1060 127 96 488 1186 217 141 1862 485 153 136 1677 242 114 104
positive/1667855521.659436.jpg 5 787 716 156 124 871 500 190 190 1359 281 88 91 1365 160 86 123 1059 252 101 92
positive/1667855531.4349737.jpg 3 1016 589 161 146 1551 662 195 148 1542 421 171 226
positive/1667855538.1405678.jpg 2 1361 287 156 248 1491 540 152 130
positive/1667855540.5892687.jpg 3 1584 799 168 191 1680 552 220 223 1858 407 94 80
positive/1667855545.8772905.jpg 7 573 567 181 104 1004 387 138 172 1235 397 116 97 1454 677 159 148 1943 128 82 123 2073 201 61 70 2156 243 181 80
positive/1667855551.039335.jpg 4 764 411 164 86 1176 340 140 164 1395 402 143 96 1452 776 176 131
positive/1667855555.6098218.jpg 3 1257 407 143 109 1660 349 139 181 2053 774 176 168
positive/1667855560.688904.jpg 4 1194 253 91 136 959 448 143 137 1291 252 93 144 1633 356 107 106
positive/1667855573.5749767.jpg 3 1680 348 190 211 1879 537 170 179 1817 775 354 388
positive/1667855576.3826811.jpg 4 1183 71 198 211 1433 91 146 170 1625 218 276 249 1795 1107 263 243
positive/1667855579.265223.jpg 4 962 77 222 248 1204 70 159 147 1460 88 250 258 1905 840 244 217
positive/1667855582.685489.jpg 5 667 381 212 212 815 315 176 132 1051 199 254 221 1753 393 236 210 2025 453 390 481
positive/1667855585.6294835.jpg 6 1177 281 156 140 443 506 388 363 280 975 326 191 1391 180 189 221 1908 137 141 115 2245 304 197 152
positive/1667855592.1215458.jpg 2 880 90 298 291 1192 26 229 198
positive/1667855595.7570744.jpg 3 713 277 293 304 947 221 225 173 1277 72 344 311
positive/1667855598.328599.jpg 4 539 428 339 321 753 332 256 180 1085 140 325 272 2093 301 314 288
positive/1667855600.6917715.jpg 5 351 647 481 360 541 516 292 149 836 233 355 296 1736 199 271 240 2097 116 440 436
positive/1667855606.3628428.jpg 3 213 649 327 210 561 369 395 271 1602 337 229 197
positive/1667855610.1775877.jpg 3 221 310 346 262 552 269 224 128 781 161 339 245
positive/1667855614.6635385.jpg 4 422 290 390 283 751 240 240 141 1050 147 333 284 1908 612 402 347
positive/1667855622.957594.jpg 4 241 388 369 309 601 325 225 199 876 237 344 283 1742 752 355 371
positive/1667855625.351256.jpg 3 773 134 230 248 1054 167 161 164 1235 191 287 258
positive/1667855629.0814445.jpg 2 1147 266 216 199 1357 41 208 277
positive/1667855664.1279976.jpg 3 1223 291 203 153 1572 123 228 266 2158 414 210 184
positive/1667855667.919826.jpg 2 888 400 243 201 2012 563 232 248
positive/1667855683.5669298.jpg 2 725 493 269 229 1747 361 178 247
positive/1667855687.122443.jpg 1 413 461 497 353
positive/1667855691.1132114.jpg 3 622 446 290 246 1423 632 282 260 1340 158 418 401
positive/1667855693.6913338.jpg 2 449 688 381 250 1394 650 268 194
positive/1667855700.905734.jpg 5 312 916 341 207 817 663 216 200 1355 932 223 211 1093 578 143 136 1882 546 212 184
positive/1667855705.9551528.jpg 3 597 460 184 141 935 454 223 202 1054 962 205 190
positive/1667855712.164073.jpg 3 1410 522 183 217 1403 358 166 141 1237 241 172 193
positive/1667855718.3177445.jpg 2 971 539 201 202 1390 641 260 212
positive/1667855721.1195288.jpg 2 1372 657 285 210 976 548 190 211
positive/1667855727.1752172.jpg 4 847 620 251 221 986 498 185 131 1212 416 261 220 1982 798 193 191
positive/1667855732.542246.jpg 4 874 454 208 173 1018 346 143 123 1185 248 277 226 2097 756 308 380
positive/1667855737.5366218.jpg 5 610 670 265 173 618 548 161 129 724 291 251 234 1333 176 148 127 2160 164 179 173
positive/1667855742.29363.jpg 4 1129 242 177 190 1294 227 134 138 1486 207 271 210 2060 654 308 291
positive/1667857074.5025373.jpg 2 314 457 338 186 814 257 392 282
positive/1667857084.042919.jpg 1 776 304 401 265
positive/1667857088.9462953.jpg 1 573 369 431 277
positive/1667857099.9990475.jpg 3 911 425 197 196 761 188 223 247 469 141 194 152
positive/1667857104.324278.jpg 3 757 411 189 169 601 154 264 260 329 119 229 142
positive/1667857108.3558726.jpg 2 775 206 244 249 470 141 242 156
positive/1667857108.8608756.jpg 3 705 174 190 160 1042 231 210 250 1235 489 206 145
positive/1667857109.1754768.jpg 3 796 205 182 136 1102 248 266 255 1343 510 213 163
positive/1667857109.624762.jpg 3 915 202 180 153 1286 294 171 213 1508 546 203 168
positive/1667857110.1354942.jpg 3 981 215 194 154 1325 279 249 260 1581 566 245 172
positive/1667857116.890442.jpg 3 939 158 173 139 1273 193 225 250 1475 452 238 155
positive/1667857120.6391075.jpg 3 664 91 196 140 965 140 205 208 1151 373 184 136
positive/1667857120.8457334.jpg 3 1033 337 194 158 877 121 222 224 597 78 187 142
positive/1667857121.088791.jpg 3 753 94 230 215 928 327 175 145 514 59 178 153
positive/1667857126.5402884.jpg 2 1619 717 117 183 1883 514 318 237
positive/1667857127.292047.jpg 2 1611 778 148 204 1891 556 292 271
positive/1667857147.6985142.jpg 2 1743 449 163 182 1557 710 303 297
positive/1667857147.9790957.jpg 2 1737 624 301 312 1857 411 167 192
positive/1667857150.8605876.jpg 2 1865 452 163 168 1758 660 265 324
positive/1667857151.001805.jpg 2 1837 448 153 202 1719 699 280 360
positive/1667857151.0806987.jpg 2 1840 469 149 191 1744 695 220 413
positive/1667857151.2617524.jpg 2 1790 492 184 216 1665 761 266 409
positive/1667857151.9669328.jpg 2 1650 579 161 222 1467 970 232 180
positive/1667857156.0601425.jpg 3 1524 388 297 405 1778 813 303 229 1114 344 170 152
positive/1667857158.6428668.jpg 3 1397 302 309 291 1727 540 312 232 922 340 236 162
positive/1667857158.8875978.jpg 3 916 350 255 161 1407 299 308 308 1753 532 267 232
positive/1667857161.858522.jpg 2 1485 387 132 146 1156 350 208 178
positive/1667857162.5650473.jpg 2 1175 356 189 162 1484 391 171 163
positive/1667857165.8219612.jpg 2 728 596 249 277 831 436 180 151
positive/1667857166.4280748.jpg 2 715 604 261 270 838 433 167 129
positive/1667857169.9099345.jpg 2 630 572 212 157 693 753 308 298
positive/1667857172.7110164.jpg 2 618 581 200 164 684 767 289 313
positive/1667857173.0281034.jpg 2 513 666 239 196 549 925 348 395
positive/1667857233.658959.jpg 3 1194 127 240 238 1481 295 219 189 789 160 210 125
positive/1667857235.8255267.jpg 2 675 314 341 261 1069 321 167 150
positive/1667857236.6286092.jpg 3 197 684 338 193 637 322 384 209 1058 315 171 155
positive/1667857238.5874438.jpg 2 499 450 382 250 959 418 221 183
positive/1667857242.8023362.jpg 1 482 848 305 239
positive/1667857244.9129884.jpg 2 684 489 208 175 470 286 281 231
positive/1667857247.283691.jpg 2 548 635 272 243 93 438 479 341
positive/1667857253.7128863.jpg 1 545 581 270 296
positive/1667857254.6808314.jpg 1 554 625 239 233
positive/1667857258.4280765.jpg 1 1196 170 146 154
positive/1667857258.9974105.jpg 1 1211 135 130 187
positive/1667857262.0483773.jpg 1 1058 243 133 147
positive/1667857266.266805.jpg 1 1596 665 251 263
positive/1667857269.9667382.jpg 1 1936 682 303 304
positive/1667857272.040024.jpg 1 1508 264 217 195
positive/1667857277.7047825.jpg 3 581 455 345 213 962 404 174 159 45 868 381 204
positive/1667857280.0708606.jpg 1 518 509 347 216
positive/1667857281.4017074.jpg 3 912 427 158 166 514 502 346 210 25 1026 298 242
