positive\1669912079.2178018.jpg 1 484 790 102 93
positive\1669912081.1525903.jpg 1 484 791 99 92
positive\1669912087.5757308.jpg 1 556 671 76 82
positive\1669912092.277507.jpg 1 54 752 128 82
positive\1669912096.327306.jpg 1 604 747 84 90
positive\1669912099.6894534.jpg 1 854 741 88 95
positive\1669912100.0389774.jpg 1 765 745 77 93
positive\1669912100.5033581.jpg 1 626 746 59 101
positive\1669912100.9484637.jpg 1 435 753 139 79
positive\1669912101.3950732.jpg 1 319 755 94 82
positive\1669912101.8220725.jpg 1 153 749 105 83
positive\1669912102.3991227.jpg 1 18 750 100 91
positive\1669912108.0395908.jpg 1 530 688 65 87
positive\1669912108.4669137.jpg 1 548 677 82 82
positive\1669912113.2923799.jpg 1 390 671 91 80
positive\1669912113.4573874.jpg 1 358 670 68 81
positive\1669912113.632427.jpg 1 264 676 113 79
positive\1669912113.898488.jpg 1 174 689 122 71
positive\1669912114.1646035.jpg 1 65 718 88 83
positive\1669912114.4066956.jpg 0
positive\1669912119.3119097.jpg 1 616 371 79 55
positive\1669912119.474947.jpg 1 637 375 79 65
positive\1669912119.6139793.jpg 1 651 389 90 67
positive\1669912119.7840178.jpg 1 685 403 85 78
positive\1669912119.9480693.jpg 1 702 413 96 80
positive\1669912120.177169.jpg 1 748 460 90 63
positive\1669912128.713102.jpg 1 727 697 74 81
positive\1669912129.0706706.jpg 1 637 660 82 73
positive\1669912129.4473188.jpg 1 537 628 98 78
positive\1669912130.1164684.jpg 1 507 620 90 74
positive\1669912133.0025294.jpg 1 467 651 86 83
positive\1669912133.4946413.jpg 1 438 666 105 97
positive\1669912136.5801442.jpg 1 454 730 101 91
positive\1669912137.0031793.jpg 1 472 748 86 96
positive\1669912142.011145.jpg 1 326 754 90 80
positive\1669912142.317889.jpg 1 210 733 107 97
positive\1669912142.6784825.jpg 1 121 726 104 85
positive\1669912143.065772.jpg 1 48 738 146 66
positive\1669912143.4675627.jpg 1 39 721 150 91
positive\1669912143.8507707.jpg 1 65 733 122 77
positive\1669912144.2783244.jpg 1 29 728 143 81
positive\1669912144.6784186.jpg 1 70 732 106 79
positive\1669912145.0490386.jpg 1 50 739 137 80
positive\1669912148.113724.jpg 1 240 715 139 93
positive\1669912148.4249737.jpg 1 387 700 102 69
positive\1669912148.7806947.jpg 1 538 681 104 96
positive\1669912149.107561.jpg 1 638 695 81 83
positive\1669912149.4837112.jpg 1 691 702 84 98
positive\1669912149.848436.jpg 1 698 738 76 101
positive\1669912150.2185066.jpg 1 686 776 89 90
positive\1669912150.5617235.jpg 1 682 776 89 86
positive\1669912154.2531397.jpg 1 702 733 70 88
positive\1669912154.6312213.jpg 1 660 704 74 85
positive\1669912155.025856.jpg 1 560 687 77 87
positive\1669912155.3504703.jpg 1 450 668 101 108
positive\1669912155.7215621.jpg 1 337 664 110 85
positive\1669912156.0713813.jpg 1 243 665 124 95
positive\1669912156.4704916.jpg 1 149 683 118 99
positive\1669912159.4182005.jpg 1 78 735 107 78
positive\1669912159.5982685.jpg 1 92 728 126 91
positive\1669912159.8763437.jpg 1 142 726 139 99
positive\1669912160.1721.jpg 1 233 723 127 85
positive\1669912160.4181483.jpg 1 367 701 116 80
positive\1669912163.3441827.jpg 1 514 683 116 89
positive\1669912163.5792336.jpg 1 502 672 118 101
positive\1669912163.8743384.jpg 1 456 671 122 96
positive\1669912164.172129.jpg 1 389 652 117 115
positive\1669912164.4982133.jpg 1 303 657 110 95
positive\1669912164.842291.jpg 1 206 646 113 100
positive\1669912167.7301748.jpg 1 10 632 91 81
positive\1669912167.9310522.jpg 1 16 635 109 81
positive\1669912168.2261186.jpg 1 70 639 109 90
positive\1669912168.547695.jpg 1 129 640 135 105
positive\1669912168.8377903.jpg 1 211 653 123 90
positive\1669912169.1334813.jpg 1 308 657 107 93
positive\1669912169.4231422.jpg 1 368 653 135 114
positive\1669912169.7347383.jpg 1 479 675 103 90
positive\1669912170.0338163.jpg 1 564 681 91 84
positive\1669918118.5752392.jpg 1 830 361 95 69
positive\1669918123.2562783.jpg 1 802 340 85 52
positive\1669918123.704174.jpg 1 751 297 94 71
positive\1669918124.0282695.jpg 1 735 277 70 62
positive\1669918127.3628082.jpg 1 725 268 63 58
positive\1669918127.6358697.jpg 1 741 284 73 56
positive\1669918127.9579566.jpg 1 760 299 78 68
positive\1669918137.8249505.jpg 1 245 464 126 78
positive\1669918141.0101442.jpg 1 270 465 89 81
positive\1669918141.3292406.jpg 1 271 487 109 80
positive\1669918144.8334277.jpg 1 227 462 101 72
positive\1669918144.9993684.jpg 1 179 464 98 76
positive\1669918149.1010783.jpg 1 170 456 98 86
positive\1669918149.4194741.jpg 1 243 465 97 71
positive\1669918153.4687123.jpg 1 181 840 116 106
positive\1669918162.4745383.jpg 1 313 512 94 72
positive\1669918165.2262876.jpg 1 632 332 76 66
positive\1669918167.5110466.jpg 1 437 393 95 79
positive\1669918171.6681838.jpg 1 880 325 75 70
positive\1669918177.4153037.jpg 1 819 464 84 76
positive\1669918187.1897612.jpg 1 325 486 101 76
