positive/1669912079.2178018.jpg 2 1096 494 129 154 1614 426 122 148
positive/1669912081.1525903.jpg 2 1109 475 101 169 1609 430 113 135
positive/1669912087.5757308.jpg 2 1150 485 92 127 1699 460 88 153
positive/1669912092.277507.jpg 2 751 559 106 113 1347 522 93 144
positive/1669912096.327306.jpg 2 1233 535 101 131 1808 517 117 174
positive/1669912099.6894534.jpg 1 1473 503 87 174
positive/1669912100.0389774.jpg 1 1389 519 64 155
positive/1669912100.5033581.jpg 1 1246 528 81 142
positive/1669912100.9484637.jpg 1 1108 528 86 147
positive/1669912101.3950732.jpg 2 969 524 104 149 1573 515 85 159
positive/1669912101.8220725.jpg 2 799 530 136 146 1424 506 88 175
positive/1669912102.3991227.jpg 1 669 532 156 145
positive/1669912108.0395908.jpg 2 1119 481 90 145 1673 485 102 157
positive/1669912108.4669137.jpg 2 1131 471 117 146 1714 473 70 161
positive/1669912113.2923799.jpg 2 992 471 97 140 1530 472 117 160
positive/1669912113.4573874.jpg 2 928 464 114 149 1508 453 81 170
positive/1669912113.632427.jpg 2 880 464 123 149 1444 451 94 172
positive/1669912113.898488.jpg 2 784 470 136 156 1381 450 86 158
positive/1669912114.1646035.jpg 1 682 502 143 147
positive/1669912114.4066956.jpg 2 578 517 180 150 1201 509 110 158
positive/1669912119.3119097.jpg 2 1030 398 125 130 1518 675 135 167
positive/1669912119.474947.jpg 2 1065 438 124 106 1543 700 142 151
positive/1669912119.6139793.jpg 2 1098 474 140 110 1591 728 152 167
positive/1669912119.7840178.jpg 1 1666 754 150 175
positive/1669912119.9480693.jpg 1 1720 804 94 139
positive/1669912120.177169.jpg 1 1227 521 134 117
positive/1669912128.713102.jpg 1 1933 578 112 167
positive/1669912129.0706706.jpg 2 1218 501 94 151 1816 517 94 189
positive/1669912129.4473188.jpg 2 1125 490 97 144 1685 506 79 173
positive/1669912130.1164684.jpg 2 1095 478 71 142 1637 499 77 170
positive/1669912133.0025294.jpg 2 1066 501 82 147 1638 517 83 186
positive/1669912133.4946413.jpg 1 1656 535 65 178
positive/1669912136.5801442.jpg 1 1102 553 97 164
positive/1669912137.0031793.jpg 2 1129 557 91 187 1758 620 107 180
positive/1669912142.011145.jpg 2 976 559 109 169 1622 607 81 180
positive/1669912142.317889.jpg 2 852 557 128 161 1501 592 80 182
positive/1669912142.6784825.jpg 3 752 556 152 159 1405 583 89 187 1405 583 89 187
positive/1669912143.065772.jpg 2 710 554 153 163 1345 578 112 179
positive/1669912143.4675627.jpg 2 691 565 168 138 1341 595 87 157
positive/1669912143.8507707.jpg 2 706 565 142 148 1336 591 101 176
positive/1669912144.2783244.jpg 2 703 564 149 147 1340 602 90 150
positive/1669912144.6784186.jpg 2 701 567 150 138 1342 590 85 166
positive/1669912145.0490386.jpg 2 710 561 137 150 1346 597 70 151
positive/1669912148.113724.jpg 2 924 557 101 146 1536 602 74 150
positive/1669912148.4249737.jpg 2 1036 548 74 130 1644 587 52 148
positive/1669912148.7806947.jpg 1 1787 579 39 142
positive/1669912149.107561.jpg 2 1265 556 67 118 1864 594 76 122
positive/1669912149.4837112.jpg 2 1329 565 65 127 1956 611 64 146
positive/1669912149.848436.jpg 2 1337 587 83 148 1971 620 87 156
positive/1669912150.2185066.jpg 2 1345 603 62 140 1987 645 85 155
positive/1669912150.5617235.jpg 2 1354 617 58 128 2024 676 42 140
positive/1669912154.2531397.jpg 2 1340 594 66 112 1960 611 83 157
positive/1669912154.6312213.jpg 2 1285 557 50 102 1902 608 49 122
positive/1669912155.025856.jpg 2 1178 561 61 108 1780 602 43 124
positive/1669912155.3504703.jpg 2 1092 557 56 101 1689 548 49 163
positive/1669912155.7215621.jpg 2 974 527 74 121 1571 556 44 137
positive/1669912156.0713813.jpg 2 886 529 88 134 1474 565 65 130
positive/1669912156.4704916.jpg 2 796 529 104 150 1411 557 60 165
positive/1669912159.4182005.jpg 2 723 553 110 147 1356 575 82 174
positive/1669912159.5982685.jpg 2 751 552 132 156 1404 579 56 175
positive/1669912159.8763437.jpg 2 834 558 96 148 1468 594 54 174
positive/1669912160.1721.jpg 2 917 558 99 142 1536 571 76 179
positive/1669912160.4181483.jpg 2 1021 539 82 144 1634 556 55 172
positive/1669912163.3441827.jpg 2 1163 518 63 147 1770 550 44 165
positive/1669912163.5792336.jpg 2 1152 503 72 163 1762 531 43 180
positive/1669912163.8743384.jpg 2 1100 500 71 164 1714 533 36 164
positive/1669912164.172129.jpg 1 1028 517 78 137
positive/1669912164.4982133.jpg 1 913 495 110 156
positive/1669912164.842291.jpg 1 827 484 105 164
positive/1669912167.7301748.jpg 1 597 474 121 157
positive/1669912167.9310522.jpg 1 623 478 117 162
positive/1669912168.2261186.jpg 1 679 483 114 150
positive/1669912168.547695.jpg 1 771 493 104 143
positive/1669912168.8377903.jpg 2 1441 550 57 141 858 506 82 136
positive/1669912169.1334813.jpg 2 941 503 88 142 1535 550 63 151
positive/1669912169.4231422.jpg 2 1022 505 76 151 1634 549 44 157
positive/1669912169.7347383.jpg 2 1114 517 52 153 1727 566 45 144
positive/1669912170.0338163.jpg 2 1207 487 60 154 1798 567 56 153
